Feature,Avg_Rationusvr-rbf0,Std_Rationusvr-rbf0,Avg_Rationusvr-sig0,Std_Rationusvr-sig0,Avg_Ratiopls0,Std_Ratiopls0,Avg_Ratioxgb0,Std_Ratioxgb0,Avg_Ratioetr0,Std_Ratioetr0
"pre_mm_cyr,run_mm_cyr,pre_mm_cdi,tmp_dc_cdi",10.495269151477268,1.937218795999221,1.001374027992818,0.00029999331757241956,1.0167944197944507,0.0059988368377214135,4.273292,0.2500546,1.0011753362272646,0.00020717871448963017
"RA_dm,RA_SO,RA_ms_av,RA_ms_di",7.988633219189127,0.9056818457196377,0.9999870775743231,6.298121705974328e-05,1.0533832358699142,0.04440575181980924,4.045342,0.1933383,1.000127192372594,5.1426861728368e-05
"Mean_DO_mg_per_L,Mean_DO_percent_saturation,ire_pc_cse,crp_pc_cse,for_pc_cse,gwt_cm_cav,slp_dg_cav,ele_mt_cav,tmp_dc_cyr,Mean_Temp_Deg_C",9.517661420813209,1.161836843304041,1.0025783819553498,0.0003102366783808453,1.0489510413285452,0.012586041118026683,8.834781,0.2036781,1.010542620476322,0.0012477898119096643
prm_pc_cse,1.287448223391022,0.17671713655545176,0.9999998214782441,9.591732141067502e-06,0.999818235812946,0.0003173613908642673,1.002058,0.0033958266,0.9999999999999999,1.307361079100541e-16
gla_pc_cse,1.0190044768009374,0.04406471165646149,0.9999999999999999,1.3243033737574556e-16,1.0005521308199592,0.0008111781017931613,0.99999994,8.0348926e-08,0.9999999999999999,1.307361079100541e-16
pst_pc_cse,2.8982747453272597,0.3010213832896664,1.0000615815737757,5.0125279442420055e-05,0.9984398280936332,0.002258809553203764,2.5634325,0.16568923,1.0000827240990509,6.946262575139141e-05
ppd_pk_cav,2.4992108028118634,0.14985126125037446,1.0000094759509233,6.633893929758789e-06,1.0213516923222994,0.011116064703831037,1.8947167,0.11482108,1.0000194921817096,4.6079792363992696e-06
sgr_dk_rav,2.194282948990734,0.16687425645559065,1.0000090465134899,4.789692648699425e-06,1.0018482693194846,0.001018139112424708,1.5901406,0.07646744,1.000020694130824,3.526155654143287e-06
dor_pc_pva,2.0685203039286737,0.21131196381846792,0.9999939179498502,3.4150408782483087e-06,1.0536005148955496,0.021860151881910907,1.188742,0.13996387,1.0000017347478969,1.6964099789773032e-05
pH,3.0957760577550055,0.3403228315439069,1.0000928798109363,4.748877053302893e-05,1.008817710142174,0.002172643497192933,1.6504849,0.26683334,1.0001929370869767,4.301476385486837e-05
