Feature,Avg_Rationusvr-sig0,Std_Rationusvr-sig0,Avg_Ratioknn-uni0,Std_Ratioknn-uni0,Avg_Ratioknn-dist0,Std_Ratioknn-dist0,Avg_Ratiopls0,Std_Ratiopls0,Avg_Ratioxgb0,Std_Ratioxgb0
"pre_mm_cyr,run_mm_cyr,pre_mm_cdi,tmp_dc_cdi",1.0125352883627037,0.0027733855134414592,1.8769181,0.16558927,7.739883838681243,0.11031121217944015,1.0112106797635272,0.010512912072018103,3.739704,0.23128101
"RA_SO,RA_dm,RA_ms_av,RA_ms_di",1.0019826124766278,0.0013493145722820754,3.2072432,0.24826817,7.848071113572886,0.1657852184446597,1.0640067660571546,0.06426001942692638,4.7808824,0.2155294
"crp_pc_cse,ire_pc_cse,for_pc_cse,gwt_cm_cav,slp_dg_cav,ele_mt_cav,tmp_dc_cyr,Mean_Temp_Deg_C,Mean_DO_percent_saturation,Mean_DO_mg_per_L",1.0226993665092052,0.0021001725371888116,4.429911,0.32090378,8.889841329084778,0.10432938619011822,1.069034117563584,0.01338474957378366,9.626006,0.31808484
dor_pc_pva,0.9993120244336636,0.00030790639555742226,1.0662551,0.021407744,3.169457810481495,0.2794521125896655,1.0491060739098292,0.018628773786100596,1.3340653,0.11213333
gla_pc_cse,1.000000182616934,4.497920621276124e-07,0.99746615,0.011059151,1.020424946241267,0.04181171732410845,1.000019544558,0.0006770881815234343,0.9998589,0.0009363715
ppd_pk_cav,1.0010124204673434,0.0003957720568882596,1.0051068,0.020548485,3.5799522696232318,0.2118731745303477,1.0473918840285823,0.05311410006976828,1.5368412,0.1730059
pH,1.0027336446588813,0.00098845643723669,1.010866,0.0356059,5.585714585765965,0.333172321517423,1.0209431144294114,0.00591562353179661,1.9314885,0.23925905
sgr_dk_rav,1.0006795571447535,0.0004294625864244277,0.9995953,0.0084603485,3.4025654728180084,0.19677599123363274,1.001968340782945,0.0013297130028822066,1.7219112,0.12580356
prm_pc_cse,1.0000055212755208,2.750923450658241e-05,1.0218207,0.012043588,1.2647259226149488,0.17903042221319426,0.9995261948329162,0.0007709993909159406,1.0004671,0.00055781275
pst_pc_cse,0.9988772802425686,0.0006669050014375981,1.5321984,0.10916821,6.086236367874366,0.30684028643901323,0.994686595670264,0.004605531674561694,1.1662532,0.031518627
