Feature,Avg_Rationusvr-lin0,Std_Rationusvr-lin0,Avg_Rationusvr-poly0,Std_Rationusvr-poly0,Avg_Rationusvr-sig0,Std_Rationusvr-sig0,Avg_Ratioknn-dist0,Std_Ratioknn-dist0,Avg_Ratiomlp0,Std_Ratiomlp0,Avg_Ratioxgb0,Std_Ratioxgb0
"pre_mm_cyr,run_mm_cyr,pre_mm_cdi,tmp_dc_cdi",1.0075808627366054,0.0015912363179285407,1.423522552228323,0.19471333587600825,0.5836952679513625,0.06285818524360287,7.709946537484589,0.13522351860880746,1.546236686332586,0.16033325641637106,2.5261507,0.12340027
"RA_SO,RA_dm,RA_ms_av,RA_ms_di",1.0012976577873411,0.0008509164178745374,1.3565799189605041,0.11375056965386368,0.9291662838944925,0.07136896482137152,7.690406670284277,0.1148424218832605,1.7442647977453942,0.15616826203143555,2.6261818,0.12946643
"Mean_DO_mg_per_L,Mean_DO_percent_saturation,crp_pc_cse,ire_pc_cse,for_pc_cse,gwt_cm_cav,slp_dg_cav,ele_mt_cav,tmp_dc_cyr,Mean_Temp_Deg_C",1.0177179266417253,0.002781814727464608,2.474605992181239,0.3548990901557508,0.7161354780322058,0.08170754524175648,8.40163061856954,0.10174020811267184,2.4098580375108742,0.45262387228293793,6.590602,0.19331433
pst_pc_cse,1.0005064308452825,0.0008529684090236393,1.6416335710431513,0.27130728574134444,0.7068082102810265,0.06562812095829115,6.077053070341786,0.28763817728306756,1.684528325605462,0.29180852343446456,1.2744558,0.044364084
ppd_pk_cav,1.0013271145833125,0.0006798048390397433,1.2452392092497335,0.15530554993643472,1.0405237792278124,0.022667266183221513,3.80791818626374,0.3026248243705383,1.2570923709788646,0.22610350404114885,1.5078294,0.072735555
dor_pc_pva,0.9987022553303266,0.0008483457299151662,0.9809868790302114,0.010596162862696013,0.9775559542275651,0.01645249549335142,3.2453880304717275,0.32373846644498244,1.0149241774353435,0.025793751890060997,1.2691152,0.119695336
sgr_dk_rav,0.9997034804865977,0.00016339807968376846,1.039301090931631,0.012432607268397377,0.9590532854624118,0.012237955202148073,3.7023973101156518,0.22358413947510208,1.021075819990458,0.009812973793689516,1.7511164,0.07864929
pH,1.0032518294976016,0.0007003911694960318,1.1803144526239928,0.08187762367125595,0.9781990070840427,0.024066391701556486,5.766633124105364,0.2520126149812211,1.1368702648910258,0.03139974934689185,1.2523707,0.090850286
gla_pc_cse,0.9999999999999999,1.3504233189490269e-16,1.0002294316467175,0.0007403106062300592,1.0014072592043672,0.005006073096029295,1.0492576469354162,0.06104489465094285,0.9999402209512726,0.0003348360665099439,1.0004246,0.00055110786
prm_pc_cse,0.9999863261481403,4.554431489732781e-05,1.003786234937072,0.0035959238819750815,1.0047490464621736,0.004961568550948138,1.1940425860228119,0.14109469237560168,1.0079415127999218,0.00747096288391117,1.0004852,0.00052881776
