Feature,Avg_Ratioknn-uni0,Std_Ratioknn-uni0,Avg_Ratiopls0,Std_Ratiopls0,Avg_Ratioxgb0,Std_Ratioxgb0,Avg_Ratioetr0,Std_Ratioetr0
"pre_mm_cyr,run_mm_cyr,pre_mm_cdi,tmp_dc_cdi",2.229191,0.23244664,1.009671696353151,0.007296870386918639,3.4568396,0.22740388,1.0002621415235924,5.018890662847482e-05
"RA_SO,RA_dm,RA_ms_av,RA_ms_di",3.1929078,0.29211587,1.0410565652699846,0.04962167751283808,4.0180364,0.23945348,1.0000154772489547,7.024042270974078e-06
"Mean_DO_mg_per_L,Mean_DO_percent_saturation,crp_pc_cse,ire_pc_cse,for_pc_cse,slp_dg_cav,gwt_cm_cav,ele_mt_cav,tmp_dc_cyr,Mean_Temp_Deg_C",5.619042,0.41213307,1.0562833053094405,0.008946639882467865,6.515119,0.21778731,1.006593346812208,0.0009518255385478363
pH,1.2737454,0.09366673,1.0175618835648945,0.004056278014119653,1.4222934,0.12053897,1.0000000000000002,1.299457083959285e-16
dor_pc_pva,1.0527728,0.044387415,1.0037311954443202,0.00961064114149146,1.1367342,0.07475754,1.0000000000000002,1.299457083959285e-16
gla_pc_cse,1.0000008,9.1119966e-07,1.0000038347967608,0.000354356908598657,0.99996364,0.0005072585,1.0000000000000002,1.299457083959285e-16
sgr_dk_rav,1.0017134,0.02962444,0.9991461164877014,0.000741207492920807,2.6997514,0.29390505,1.000030531850795,6.266745320157185e-06
pst_pc_cse,1.5165915,0.13089378,0.9963700479353584,0.004773241829102283,1.568785,0.44003612,1.0000389523105397,8.167813220704623e-06
prm_pc_cse,0.99581885,0.019760137,1.000561576239197,0.001969959394898968,1.0239767,0.013378798,1.0000000000000002,1.299457083959285e-16
ppd_pk_cav,1.0182558,0.04937836,1.027456736980157,0.03778572141046178,1.820753,0.13871698,1.0000000000000002,1.299457083959285e-16
