Feature,Avg_Rationusvr-sig0,Std_Rationusvr-sig0,Avg_Ratioknn-uni0,Std_Ratioknn-uni0,Avg_Ratiomlp0,Std_Ratiomlp0,Avg_Ratioxgb0,Std_Ratioxgb0,Avg_Ratioetr0,Std_Ratioetr0
"pre_mm_cyr,run_mm_cyr,pre_mm_cdi,tmp_dc_cdi",1.0004647270899636,0.00011465248091123897,2.0650678,0.20022856,1.5817490397670095,0.06542710427906051,4.114009,0.24830538,1.004495210630632,0.0007286509156101407
"RA_dm,RA_SO,RA_ms_av,RA_ms_di",1.0000204662062648,4.575425441174884e-05,2.9932652,0.23092698,2.3657468983654795,0.20465610546642812,2.843807,0.21087813,1.0003724595857737,0.00011909030123398232
"Mean_DO_mg_per_L,Mean_DO_percent_saturation,slp_dg_cav,gwt_cm_cav,ele_mt_cav,tmp_dc_cyr,Mean_Temp_Deg_C,crp_pc_cse,ire_pc_cse,for_pc_cse",1.0011854858081042,0.00021521139878050572,5.6227517,0.32112786,2.9525866979712982,0.3777334019833755,7.3384776,0.16562773,1.0114365639619405,0.001183538479238283
pH,1.00003551800468,2.5948905378423474e-05,1.3080357,0.078808784,1.197673393536295,0.05819306778724771,1.5596561,0.19630583,1.0005016830015254,8.478747767260946e-05
gla_pc_cse,0.9999999999999999,1.3225960689640315e-16,1.044127,0.034671605,1.0066364027944483,0.009474476924691506,0.9999999,1.3030491e-07,1.0000000000000002,1.3080585979204653e-16
sgr_dk_rav,0.9999981795076682,5.715976833645096e-07,1.0054048,0.010175626,1.111954557436029,0.02908379291401284,1.3028624,0.037871808,1.0001154474071148,2.1172065636564922e-05
prm_pc_cse,0.9999999999999999,1.3225960689640315e-16,1.0101138,0.00180026,1.0049524565670855,0.019689796661493824,1.004521,0.0061187977,1.0000000000000002,1.3080585979204653e-16
pst_pc_cse,1.0000492638781107,1.9372275683916044e-05,1.7961186,0.15179853,1.5940131227100591,0.2051677442383683,1.1104113,0.02677257,1.000138940064544,4.54148389528167e-05
ppd_pk_cav,1.0000046746024016,3.86803824198393e-06,1.0260423,0.0417519,1.2525958326573283,0.11290972700657893,1.448581,0.08705312,1.0000607727597515,6.705918916377776e-06
dor_pc_pva,0.9999880584521128,6.990877926852072e-06,1.0768187,0.04647442,1.04286136032976,0.03773983729002562,1.2846998,0.10783961,1.0000048883338895,1.5449988543819923e-05
