Feature,Avg_Rationusvr-lin0,Std_Rationusvr-lin0,Avg_Rationusvr-sig0,Std_Rationusvr-sig0,Avg_Ratiohuber0,Std_Ratiohuber0,Avg_Ratioxgb0,Std_Ratioxgb0,Avg_Ratioetr0,Std_Ratioetr0
"run_mm_cyr,pre_mm_cyr,pre_mm_cdi,tmp_dc_cdi",1.009612915373103,0.0022724944894219634,1.0000009869648447,2.1700512107121278e-07,16.25173918764589,1.5971680594840918,4.3573537,0.708689,1.0012994081379012,0.000158399307163959
"RA_SO,RA_dm,RA_ms_av,RA_ms_di",1.0005555983947003,0.0023421601938963315,1.0000000748408513,9.533337889478994e-08,7.856636921143951,1.0353060081675696,5.849535,0.831903,1.0001481729881851,0.0002980435975148114
"Mean_DO_mg_per_L,Mean_DO_percent_saturation,slp_dg_cav,gwt_cm_cav,ele_mt_cav,tmp_dc_cyr,Mean_Temp_Deg_C,crp_pc_cse,ire_pc_cse,for_pc_cse",1.0179217051730658,0.004709501380944219,1.0000029588412036,4.077997325882302e-07,20.42750960457875,1.6700543705343045,7.672566,0.82018816,1.0110971991738196,0.0015608826417732014
pst_pc_cse,1.0014399163299075,0.001379407242472028,1.0000002252310896,1.163156488647133e-07,6.887966478947783,1.0599778371261042,1.800099,0.39602113,1.000407000239366,4.720827007850975e-05
dor_pc_pva,0.9972772273770697,0.0018140942005740672,1.000000000610975,4.0900461641075384e-09,5.018396070004861,0.37994070049483303,1.1868446,0.06647202,0.9999799215283988,7.459155991184793e-05
gla_pc_cse,0.9999999999999999,1.3646264750983845e-16,0.9999999999999999,1.3172663551131145e-16,1.0063502875116623,0.014310020495240704,1.0000169,5.3378288e-05,1.0,0.0
sgr_dk_rav,0.9990143744602765,0.0005590524693194227,1.0000000024026792,1.901727973783483e-09,1.2183553410629202,0.09545431698639525,2.5569627,0.28626826,1.0000511961961913,9.258805201138069e-06
ppd_pk_cav,1.0021526567101786,0.002600290672848806,1.0000000102393347,5.908153165413081e-09,2.9073437182220587,0.497267780157049,6.054348,1.2271633,1.0000126767482744,5.055421045853028e-06
pH,1.005257262900651,0.0022654220568000486,1.0000000882481366,4.202826818501681e-08,4.646030232300847,0.6202488306797641,1.382839,0.117933,1.0006604518875233,8.96314989539432e-05
prm_pc_cse,0.9998300330804625,0.00027324712931664453,0.9999999973053115,5.547684271540215e-09,3.270777068253336,0.31420038639536485,1.0409809,0.03312421,1.0,0.0
