Feature,Avg_Rationusvr-poly0,Std_Rationusvr-poly0,Avg_Rationusvr-sig0,Std_Rationusvr-sig0,Avg_Ratioknn-uni0,Std_Ratioknn-uni0,Avg_Ratiomlp0,Std_Ratiomlp0,Avg_Ratioxgb0,Std_Ratioxgb0,Avg_Ratioetr0,Std_Ratioetr0
"run_mm_cyr,pre_mm_cyr,pre_mm_cdi,tmp_dc_cdi",1.1008399114092169,0.09205897001262113,1.0000085731578359,1.5653580205292485e-06,1.1253484,0.049524117,1.0801492,0.079842456,4.5953264,0.48919964,1.0010953926546897,0.00020223386794981823
"RA_SO,RA_dm,RA_ms_av,RA_ms_di",1.077364782003007,0.08835528708684479,0.999998962956719,8.649386721710446e-07,1.5149676,0.077117436,0.99740314,0.0047423034,4.6986103,0.7500331,1.0002512038079128,4.5265294572325904e-05
"crp_pc_cse,ire_pc_cse,for_pc_cse,gwt_cm_cav,slp_dg_cav,ele_mt_cav,tmp_dc_cyr,Mean_Temp_Deg_C,Mean_DO_percent_saturation,Mean_DO_mg_per_L",1.6388289970261198,0.21022768472726455,1.0000266214186502,5.193070845535804e-06,1.9044284,0.09780703,1.0772638,0.061389484,8.398763,0.8010688,1.0093324164538924,0.001663340289706951
sgr_dk_rav,1.0089642910470844,0.0032231885842136723,1.0000001167411559,4.857062220171042e-08,0.99979055,0.003012897,0.99998057,0.00041243865,2.5190408,0.3329917,1.000085633009939,1.1047276864881203e-05
dor_pc_pva,0.9902886623989758,0.007470241897950347,0.9999998975136642,4.709101106837699e-08,1.0520566,0.014259634,1.0008904,0.001103133,1.3139743,0.08417589,1.000002318225166,5.292424417370752e-06
ppd_pk_cav,1.2654121042929116,0.17320881746414526,1.0000000578402914,6.153940456398679e-08,1.0018734,0.021232285,0.99665403,0.0010605972,5.445212,1.3393269,1.0000222982482483,3.739545051542489e-06
pH,1.0036699380731486,0.002929943027151734,1.000000294758109,3.1454435177284887e-07,1.1331292,0.03487561,1.0001756,0.00041209484,1.3082064,0.09788828,1.000155038080228,2.8014310356101495e-05
gla_pc_cse,1.000204993723056,0.00038529231912259713,1.0,0.0,0.9999114,0.00026308117,0.9998666,0.00065226486,1.0,0.0,1.0000000000000002,2.608817712100363e-16
prm_pc_cse,1.0007479931839658,0.0026351428906078627,0.9999999958981386,3.768109692650256e-09,1.0009559,0.0001924527,1.00042,0.00063458155,1.0252098,0.022558566,1.0000000000000002,2.608817712100363e-16
pst_pc_cse,1.4349500080395372,0.2038132567171328,1.0000012665408193,7.564975266223701e-07,1.0951151,0.040168967,1.003156,0.0012509103,2.2733865,0.6965194,1.0002908202635985,4.8648729055764604e-05
