Feature,Avg_Rationusvr-rbf0,Std_Rationusvr-rbf0,Avg_Rationusvr-lin0,Std_Rationusvr-lin0,Avg_Ratioknn-uni0,Std_Ratioknn-uni0,Avg_Ratioxgb0,Std_Ratioxgb0,Avg_Ratioetr0,Std_Ratioetr0
"run_mm_cyr,pre_mm_cyr,pre_mm_cdi,tmp_dc_cdi",5.899884056212792,0.14037157904450803,1.0045306139692785,0.01490831620662034,2.6439018,0.40044314,2.6787624,0.1723494,1.0005590780777094,0.00012080126640271942
"RA_SO,RA_dm,RA_ms_av,RA_ms_di",5.698049272524749,0.1844455365159085,1.001285761984826,0.010674456380487767,4.4297404,0.4652453,3.4337983,0.21464561,0.9999954811134772,3.6553964060476896e-05
"Mean_DO_mg_per_L,Mean_DO_percent_saturation,ire_pc_cse,crp_pc_cse,for_pc_cse,gwt_cm_cav,slp_dg_cav,ele_mt_cav,tmp_dc_cyr,Mean_Temp_Deg_C",6.65177223035906,0.32641850977256054,1.0778699215729386,0.02060882322458475,7.762578,0.67886776,9.377335,0.2734228,1.0092680355544656,0.001629807601900636
prm_pc_cse,1.196768019629754,0.12985082222988284,0.9995139120910203,0.0016115904625346755,0.9993153,0.03038814,1.0006186,0.00349555,0.9999999999999999,1.303786034525848e-16
ppd_pk_cav,2.9159469886786993,0.16798951076992688,1.0041005301740669,0.013035223595829643,1.0214696,0.043503746,1.1607405,0.044841416,1.000003701587646,1.0310000404506796e-06
gla_pc_cse,1.0298391834699772,0.05017514469936273,0.9999999999999999,1.40762907229111e-16,1.0000015,4.2790515e-07,1.0006421,0.0015535662,0.9999999999999999,1.303786034525848e-16
sgr_dk_rav,2.1032844349627506,0.21074268034356947,0.9975388113480546,0.004992794615221725,1.0012666,0.04184103,1.9093158,0.159848,1.0000182832870126,4.708984063869219e-06
pH,5.37688618987463,0.878179010452437,1.0123366065527624,0.0032927245323613546,1.4329913,0.12705354,1.590833,0.19514145,1.0000826483052017,1.9248054500839147e-05
dor_pc_pva,2.295525547989637,0.19869733552389213,0.9974638601132758,0.004813754195720432,1.0949067,0.072447635,1.1974072,0.09350438,0.9999991960507445,4.071944828004091e-07
pst_pc_cse,3.5931893940392725,0.18023748111013982,1.0081125813580072,0.010996060487311521,2.1105196,0.18271126,1.5106025,0.07667882,1.0000504221380955,1.0456433905283783e-05
