Feature,Avg_Rationusvr-sig0,Std_Rationusvr-sig0,Avg_Ratioknn-uni0,Std_Ratioknn-uni0,Avg_Ratioxgb0,Std_Ratioxgb0,Avg_Ratioetr0,Std_Ratioetr0
"pre_mm_cyr,run_mm_cyr,pre_mm_cdi,tmp_dc_cdi",1.0055095703807233,0.0024052212066993936,2.2656593,0.20888366,3.1228437,0.23695537,1.0010302433137874,0.00016407857704691729
"RA_SO,RA_dm,RA_ms_av,RA_ms_di",1.001361767540812,0.0029435645305360657,3.8189745,0.37774515,3.3067617,0.19775046,1.0001564013091535,3.163447121180499e-05
"Mean_DO_mg_per_L,Mean_DO_percent_saturation,slp_dg_cav,gwt_cm_cav,ele_mt_cav,tmp_dc_cyr,Mean_Temp_Deg_C,crp_pc_cse,ire_pc_cse,for_pc_cse",1.011481409534435,0.002584474829713842,6.390762,0.49811986,6.9056134,0.23981792,1.005917889442104,0.0007001192198663232
prm_pc_cse,1.0,0.0,1.0017153,0.00011310969,0.999355,0.010703316,0.9999999999999999,1.2975494648816547e-16
dor_pc_pva,0.9997719096313554,0.00019515049485524858,1.0706071,0.038291033,1.1265223,0.061882745,0.9999997869922274,4.6220392112555647e-07
pH,1.002000334768454,0.0009448392413157969,1.0602348,0.041723408,1.3484125,0.11828341,1.000249389191205,4.680623914011658e-05
pst_pc_cse,0.9986155849113111,0.0005536995612213471,1.9125397,0.116472445,1.3788222,0.06134875,1.0001378245411885,2.8132409500524437e-05
gla_pc_cse,1.0,0.0,0.999999,2.3831483e-06,0.9999999,1.2132948e-07,0.9999999999999999,1.2975494648816547e-16
sgr_dk_rav,0.9998002420792194,6.471183430984929e-05,1.0126063,0.03845961,1.9710641,0.12440393,1.0000386276026645,6.334288482962729e-06
ppd_pk_cav,1.0007717986444953,0.0002498000997378649,1.0166807,0.024991045,1.3856144,0.061158497,1.000007906860491,1.7852312702344526e-06
