Feature,Avg_Rationusvr-rbf0,Std_Rationusvr-rbf0,Avg_Rationusvr-poly0,Std_Rationusvr-poly0,Avg_Ratioknn-uni0,Std_Ratioknn-uni0,Avg_Ratioknn-dist0,Std_Ratioknn-dist0,Avg_Ratioetr0,Std_Ratioetr0
"run_mm_cyr,pre_mm_cyr,pre_mm_cdi,tmp_dc_cdi",1.8082493525175614,0.1418668891139852,1.000511605160859,9.741602991838503e-05,1.9767685,0.23764113,4.474012799520781,0.08433952054714765,1.0005467455297796,9.399714708954373e-05
"RA_SO,RA_dm,RA_ms_av,RA_ms_di",2.3554635732336555,0.37378857169638796,1.0001801554521044,8.746911400021155e-05,3.3707423,0.31179506,4.566213961195439,0.09129670965516679,1.0000738088267702,3.2133295264484404e-05
"gwt_cm_cav,slp_dg_cav,ele_mt_cav,tmp_dc_cyr,Mean_Temp_Deg_C,ire_pc_cse,crp_pc_cse,for_pc_cse,Mean_DO_percent_saturation,Mean_DO_mg_per_L",4.076244824724862,0.5716037106087759,1.0022935609125736,0.0002888851616970496,5.35205,0.34128454,5.054715573044718,0.08029619896352369,1.003618861482169,0.0005706678290519706
gla_pc_cse,1.0020128076919448,0.008268079552881792,0.9999999999999999,1.3258261247291466e-16,1.001474,0.006330812,1.0079253207742227,0.023663604042587483,1.0000000000000002,1.2902442334206653e-16
dor_pc_pva,1.0134488490550888,0.04074573359470696,1.0000017661834542,7.849388235256003e-06,1.0598747,0.039996184,2.146807506867825,0.15632079056860732,1.0000000000000002,1.2902442334206653e-16
pH,1.7578897811479954,0.1600757486762756,1.0001566826542534,2.8691734243485504e-05,1.3500569,0.100096166,3.3777715951920055,0.08347233547026484,1.0000913461747554,1.5828272027398455e-05
prm_pc_cse,1.0116424425464627,0.01137538317121431,1.0000003728831668,4.641996320807878e-06,0.9943834,4.4296235e-06,1.1467443763345428,0.06858171878212921,1.0000000000000002,1.2902442334206653e-16
sgr_dk_rav,1.112719508818529,0.03514086069396587,1.0000004487716145,2.624517397493435e-07,0.9979214,0.0062572523,2.154477444838435,0.11901645034352214,1.0000226595212875,5.124189818750988e-06
ppd_pk_cav,1.2374177246079088,0.1832473053156729,1.0000187313937932,8.149205078475433e-06,1.0110115,0.027787728,2.3704198023636525,0.15877439120811487,1.0000055427825632,2.3910276550661564e-06
pst_pc_cse,1.7650646088217792,0.3539028237508617,1.000099256958858,5.025915296183497e-05,1.6759171,0.12861086,3.344774914328691,0.15196048477329197,1.0000390242462835,2.086798930289224e-05
